5   4 1 2 6
6   6 1 2 2 8
7   14 1 3 6 2 5
8   8 10 1 3 2 7 8
10  16 1 11 8 6 4 3 2 22
11  18 1 3 9 11 6 8 2 5 28
12  22 2 5 4 1 3 8 11 6 7 10 9  
13  24 1 4 10 2 7 9 3 11 5 6 8 13  
14  27 2 5 6 1 9 3 11 4 7 8 12 10 13  
15  28 1 4 9 2 7 3 11 6 5 10 8 12 13 14  
16  34 1 3 7 2 9 4 11 5 13 6 12 8 10 14 15
17  36 1 4 9 2 11 5 3 7 12 6 10 8 13 15 14 16  
18  40 1 3 8 2 11 4 9 5 13 6 12 7 10 15 17 14 16  
19  42 1 4 9 2 11 5 3 7 12 6 10 8 13 15 17 14 16 18  
20  46 1 3 8 2 11 4 9 5 13 6 12 7 10 15 17 14 16 18 19 
